{
    "commands": {
        "FRONT": "_x_00200_y_00000_.jpg",
        "POST": "_x_00200_y_01600_.jpg",
        "LEFT": "_x_00200_y_00800_.jpg",
        "RIGHT": "_x_00200_y_02400_.jpg",
        "INFERIOR": "_x_00000_y_00000_.jpg",
        "SUPERIOR": "_x_00400_y_00000_.jpg"
    },
    "thumbnails": "thumbnails",
    "intrinsics": {
        "width": "5472",
        "height": "3648",
        "camera matrix": {
            "shape": [
                3,
                3
            ],
            "matrix": [
                [
                    16603.68840147335,
                    0.0,
                    2750.9039156525328
                ],
                [
                    0.0,
                    16603.58706418092,
                    2167.393617054983
                ],
                [
                    0.0,
                    0.0,
                    1.0
                ]
            ]
        },
        "distortion matrix": {
            "shape": [
                5,
                1
            ],
            "matrix": [
                [
                    -0.07798088282773812,
                    -11.139167508553678,
                    0.00822492416916678,
                    -0.0012667758718321045,
                    -1585.102424574077
                ]
            ]
        }
    },
    "extrinsics": {
        "_x_00000_y_00000_.jpg": {
            "matrix": [
                [
                    0.1292935120587078,
                    0.9915153864946946,
                    0.0134322776847838,
                    -0.0012715449381400378
                ],
                [
                    -0.7570590423101181,
                    0.10745093446858792,
                    -0.644450078080773,
                    0.021589401348965784
                ],
                [
                    -0.6404254790340654,
                    0.07315418666148508,
                    0.7645283976268535,
                    0.24842910587921302
                ],
                [
                    0.0,
                    0.0,
                    0.0,
                    1.0
                ]
            ]
        },
        "_x_00000_y_00160_.jpg": {
            "matrix": [
                [
                    -0.1768769043666992,
                    0.9841247843501486,
                    0.0145934755773522,
                    -0.0017185682956184767
                ],
                [
                    -0.7543665729151318,
                    -0.12602903232436902,
                    -0.6442420016419781,
                    0.021848497460108574
                ],
                [
                    -0.6321753193299573,
                    -0.12496036107164679,
                    0.7646824659889297,
                    0.2486748474825707
                ],
                [
                    0.0,
                    0.0,
                    0.0,
                    1.0
                ]
            ]
        },
        "_x_00000_y_00320_.jpg": {
            "matrix": [
                [
                    -0.4709877952191073,
                    0.881994041345059,
                    0.0160314623928778,
                    -0.002013192787358747
                ],
                [
                    -0.6806221653630431,
                    -0.35177333964085616,
                    -0.6426577514777533,
                    0.022363718331526176
                ],
                [
                    -0.5611808663623231,
                    -0.31359532609675284,
                    0.7659856439118843,
                    0.2491503576165022
                ],
                [
                    0.0,
                    0.0,
                    0.0,
                    1.0
                ]
            ]
        },
        "_x_00000_y_00480_.jpg": {
            "matrix": [
                [
                    -0.7212240210220467,
                    0.6924276681240936,
                    0.019489379595579,
                    -0.001974946677109733
                ],
                [
                    -0.5406675602254182,
                    -0.5451185441877485,
                    -0.6407217509204158,
                    0.02298407086303319
                ],
                [
                    -0.43302944567394563,
                    -0.47264119287135736,
                    0.7675257663300014,
                    0.24967782301921346
                ],
                [
                    0.0,
                    0.0,
                    0.0,
                    1.0
                ]
            ]
        },
        "_x_00000_y_00640_.jpg": {
            "matrix": [
                [
                    -0.9002291856919424,
                    0.4348293418851227,
                    0.0226021384867353,
                    -0.0017258541991469704
                ],
                [
                    -0.34648242840848836,
                    -0.6839537068499004,
                    -0.6419947458433263,
                    0.023366765709985603
                ],
                [
                    -0.2636993364280226,
                    -0.5857736510991521,
                    0.7663758148880933,
                    0.2500082387684062
                ],
                [
                    0.0,
                    0.0,
                    0.0,
                    1.0
                ]
            ]
        },
        "_x_00000_y_00800_.jpg": {
            "matrix": [
                [
                    -0.9888101580287644,
                    0.1470297569293252,
                    0.025233350083454,
                    -0.0013174170321920522
                ],
                [
                    -0.1288409909502846,
                    -0.7564337346748172,
                    -0.6412550226679373,
                    0.023951101863175357
                ],
                [
                    -0.07519621287059189,
                    -0.6373305701307699,
                    0.7669128203040478,
                    0.2504870593380114
                ],
                [
                    0.0,
                    0.0,
                    0.0,
                    1.0
                ]
            ]
        },
        "_x_00000_y_00960_.jpg": {
            "matrix": [
                [
                    -0.9838570370091144,
                    -0.1770496684645516,
                    0.0260527469614811,
                    -0.0008322013583758936
                ],
                [
                    0.11869376912584552,
                    -0.7545491260572551,
                    -0.6454203324477259,
                    0.024074054682295575
                ],
                [
                    0.13392953333132698,
                    -0.6319090371745171,
                    0.7633831599130464,
                    0.2506188315792589
                ],
                [
                    0.0,
                    0.0,
                    0.0,
                    1.0
                ]
            ]
        },
        "_x_00000_y_01120_.jpg": {
            "matrix": [
                [
                    -0.8730525379670369,
                    -0.4869492352584124,
                    0.0256847859746499,
                    -0.00031601484268773566
                ],
                [
                    0.35586004758970075,
                    -0.6722638635069317,
                    -0.6491724919866745,
                    0.024057248867124226
                ],
                [
                    0.33338100197637627,
                    -0.5576215025480821,
                    0.760207450251079,
                    0.250612550032089
                ],
                [
                    0.0,
                    0.0,
                    0.0,
                    1.0
                ]
            ]
        },
        "_x_00000_y_01280_.jpg": {
            "matrix": [
                [
                    -0.6652276950113312,
                    -0.7462919322119463,
                    0.0228137174803131,
                    0.00017505227723937746
                ],
                [
                    0.5552022580706085,
                    -0.514862569551299,
                    -0.6531975100291879,
                    0.023939393486724327
                ],
                [
                    0.49922196107864675,
                    -0.42185884652380246,
                    0.7568438063341718,
                    0.2504530117244927
                ],
                [
                    0.0,
                    0.0,
                    0.0,
                    1.0
                ]
            ]
        },
        "_x_00000_y_01440_.jpg": {
            "matrix": [
                [
                    -0.3835760782955554,
                    -0.9233134839452376,
                    0.0190158492923537,
                    0.0006250383657550158
                ],
                [
                    0.6924918847246142,
                    -0.30118601182877613,
                    -0.6555470813520778,
                    0.02368401444991173
                ],
                [
                    0.6110027673832206,
                    -0.23828385728702636,
                    0.7549148439436479,
                    0.2502966542977701
                ],
                [
                    0.0,
                    0.0,
                    0.0,
                    1.0
                ]
            ]
        },
        "_x_00000_y_01600_.jpg": {
            "matrix": [
                [
                    -0.0632891459594812,
                    -0.99788517693791,
                    0.0148208519092258,
                    0.0009405953464056331
                ],
                [
                    0.7515215578193738,
                    -0.05742493137045681,
                    -0.6572044776093969,
                    0.02334711880192495
                ],
                [
                    0.656665692827379,
                    -0.030455720393613994,
                    0.7535665975604574,
                    0.24995916070293003
                ],
                [
                    0.0,
                    0.0,
                    0.0,
                    1.0
                ]
            ]
        },
        "_x_00000_y_01760_.jpg": {
            "matrix": [
                [
                    0.256641001599469,
                    -0.9664498065926804,
                    0.010496077123964,
                    0.001119625914827216
                ],
                [
                    0.7304314105419741,
                    0.18683164378556052,
                    -0.656935226163164,
                    0.022983723167152175
                ],
                [
                    0.632933922926939,
                    0.17626317884730236,
                    0.7538739556391107,
                    0.2496574234322143
                ],
                [
                    0.0,
                    0.0,
                    0.0,
                    1.0
                ]
            ]
        },
        "_x_00000_y_01920_.jpg": {
            "matrix": [
                [
                    0.5412347592194051,
                    -0.8408364966092007,
                    0.0076760264901995,
                    0.0012229862509940896
                ],
                [
                    0.6403533174261969,
                    0.4062356804607515,
                    -0.651859034440618,
                    0.022993196154186508
                ],
                [
                    0.544988590957625,
                    0.35772413657811236,
                    0.7583013107172286,
                    0.24967642689186623
                ],
                [
                    0.0,
                    0.0,
                    0.0,
                    1.0
                ]
            ]
        },
        "_x_00000_y_02080_.jpg": {
            "matrix": [
                [
                    0.7732768684040161,
                    -0.6340147646581863,
                    0.0082560878570346,
                    0.0014068873968337467
                ],
                [
                    0.48813373623579664,
                    0.5869416562152617,
                    -0.6459295222760509,
                    0.022959818203573935
                ],
                [
                    0.40468301217095853,
                    0.5035124332076718,
                    0.7633524017552638,
                    0.24964410802232131
                ],
                [
                    0.0,
                    0.0,
                    0.0,
                    1.0
                ]
            ]
        },
        "_x_00000_y_02240_.jpg": {
            "matrix": [
                [
                    0.93051009837142,
                    -0.3661362922148195,
                    0.009755631809118,
                    0.001458865486774411
                ],
                [
                    0.28582442788796475,
                    0.7092322449103265,
                    -0.6444330990894059,
                    0.02256276891852606
                ],
                [
                    0.22903133683260146,
                    0.6024399043080091,
                    0.7645984622310119,
                    0.24928094673602272
                ],
                [
                    0.0,
                    0.0,
                    0.0,
                    1.0
                ]
            ]
        },
        "_x_00000_y_02400_.jpg": {
            "matrix": [
                [
                    0.9978720431439032,
                    -0.0642850543771666,
                    0.0109003346525626,
                    0.0012374574182117248
                ],
                [
                    0.056175630134572205,
                    0.7627526510926264,
                    -0.6442458318298646,
                    0.02209019393752164
                ],
                [
                    0.033101119177406796,
                    0.6434872376627955,
                    0.7647407997970997,
                    0.2488680482678553
                ],
                [
                    0.0,
                    0.0,
                    0.0,
                    1.0
                ]
            ]
        },
        "_x_00000_y_02560_.jpg": {
            "matrix": [
                [
                    0.970554791655036,
                    0.2405727114198549,
                    0.0121723833142596,
                    0.0008909959763133319
                ],
                [
                    -0.17645876675742891,
                    0.7444767434173518,
                    -0.6439073552500716,
                    0.021738883070928132
                ],
                [
                    -0.16396859464512506,
                    0.6227994452717455,
                    0.7650066345720855,
                    0.24858964738379352
                ],
                [
                    0.0,
                    0.0,
                    0.0,
                    1.0
                ]
            ]
        },
        "_x_00000_y_02720_.jpg": {
            "matrix": [
                [
                    0.8535227644518599,
                    0.520894375569633,
                    0.0129591690465615,
                    0.0003871942518084261
                ],
                [
                    -0.39132438518651946,
                    0.6572381549998677,
                    -0.6441298263322096,
                    0.021439734974665534
                ],
                [
                    -0.34404086402758594,
                    0.5447082311772892,
                    0.7648063982256299,
                    0.24834573035583107
                ],
                [
                    0.0,
                    0.0,
                    0.0,
                    1.0
                ]
            ]
        },
        "_x_00000_y_02880_.jpg": {
            "matrix": [
                [
                    0.659872094632584,
                    0.7512412983063366,
                    0.014329356029361,
                    -0.000146447407209189
                ],
                [
                    -0.5681549058295582,
                    0.5113518214963756,
                    -0.6447629933814013,
                    0.021274936812902597
                ],
                [
                    -0.49169993055420796,
                    0.41731981305869975,
                    0.7642482266395122,
                    0.24819723890980408
                ],
                [
                    0.0,
                    0.0,
                    0.0,
                    1.0
                ]
            ]
        },
        "_x_00000_y_03040_.jpg": {
            "matrix": [
                [
                    0.4065834737747265,
                    0.913494452294306,
                    0.014756845218474,
                    -0.0007317264979049158
                ],
                [
                    -0.6941885971579487,
                    0.3193938577875314,
                    -0.6450501958634521,
                    0.021271700544530012
                ],
                [
                    -0.5939630210957204,
                    0.25202271571254037,
                    0.7639976965513186,
                    0.24823216497290737
                ],
                [
                    0.0,
                    0.0,
                    0.0,
                    1.0
                ]
            ]
        },
        "_x_00050_y_00000_.jpg": {
            "matrix": [
                [
                    0.1153364075012107,
                    0.993221431513571,
                    0.014446490468192,
                    -0.0013870489962894456
                ],
                [
                    -0.6402787620924244,
                    0.08545479543819702,
                    -0.7633744721629147,
                    0.02500790996857191
                ],
                [
                    -0.7594344079103262,
                    0.07879508816384978,
                    0.6457946377627668,
                    0.25285474306499756
                ],
                [
                    0.0,
                    0.0,
                    0.0,
                    1.0
                ]
            ]
        },
        "_x_00050_y_00160_.jpg": {
            "matrix": [
                [
                    -0.1924017142911164,
                    0.9811902361351468,
                    0.0157258020747768,
                    -0.001814381390715684
                ],
                [
                    -0.6368234269469858,
                    -0.11265021118354161,
                    -0.7627357686720878,
                    0.025318047885507573
                ],
                [
                    -0.7466173740473343,
                    -0.1567662286124115,
                    0.6465190224094759,
                    0.2532392516960139
                ],
                [
                    0.0,
                    0.0,
                    0.0,
                    1.0
                ]
            ]
        },
        "_x_00050_y_00320_.jpg": {
            "matrix": [
                [
                    -0.4818006537442064,
                    0.876110191933737,
                    0.0172933987835243,
                    -0.002074689647551894
                ],
                [
                    -0.5727512794935112,
                    -0.29991537478086394,
                    -0.7628936621892988,
                    0.0256404081792203
                ],
                [
                    -0.6631923566283026,
                    -0.37746748146017106,
                    0.6462926570447122,
                    0.25362211236753684
                ],
                [
                    0.0,
                    0.0,
                    0.0,
                    1.0
                ]
            ]
        },
        "_x_00050_y_00480_.jpg": {
            "matrix": [
                [
                    -0.729020456387585,
                    0.6842330918527246,
                    0.0188215350622249,
                    -0.002157262678184211
                ],
                [
                    -0.45192649706098686,
                    -0.46049196493060374,
                    -0.7640088949014516,
                    0.025980795938921348
                ],
                [
                    -0.5140930026975896,
                    -0.5654840636552126,
                    0.6449311268107347,
                    0.2540186745949042
                ],
                [
                    0.0,
                    0.0,
                    0.0,
                    1.0
                ]
            ]
        },
        "_x_00050_y_00640_.jpg": {
            "matrix": [
                [
                    -0.9063394511664816,
                    0.4220722093766688,
                    0.0200960028647211,
                    -0.0019985555770059295
                ],
                [
                    -0.28579775682238573,
                    -0.5772912174192102,
                    -0.7648885490618476,
                    0.026350018497432494
                ],
                [
                    -0.31123695387041383,
                    -0.6989920603000749,
                    0.6438490958158768,
                    0.2544766406999131
                ],
                [
                    0.0,
                    0.0,
                    0.0,
                    1.0
                ]
            ]
        },
        "_x_00050_y_00800_.jpg": {
            "matrix": [
                [
                    -0.9926261561370608,
                    0.1193965913306234,
                    0.0209229092430316,
                    -0.0016966491871145478
                ],
                [
                    -0.09288808013928482,
                    -0.6383371177906224,
                    -0.7641318790750707,
                    0.026904555288861178
                ],
                [
                    -0.07787887210663559,
                    -0.7604407787785911,
                    0.6447206396959912,
                    0.2551229670451381
                ],
                [
                    0.0,
                    0.0,
                    0.0,
                    1.0
                ]
            ]
        },
        "_x_00050_y_00960_.jpg": {
            "matrix": [
                [
                    -0.9775752207342912,
                    -0.2096064826801823,
                    0.0202931078138672,
                    -0.0012810327331681233
                ],
                [
                    0.11930121482775542,
                    -0.6306464897431653,
                    -0.7668456331721824,
                    0.027076684309345535
                ],
                [
                    0.17353359313667327,
                    -0.7472282967025983,
                    0.641510689435499,
                    0.2553320945724519
                ],
                [
                    0.0,
                    0.0,
                    0.0,
                    1.0
                ]
            ]
        },
        "_x_00050_y_01120_.jpg": {
            "matrix": [
                [
                    -0.854040723761119,
                    -0.5198839017620642,
                    0.0183076717863657,
                    -0.0008072800455421124
                ],
                [
                    0.3202662264237818,
                    -0.553199401390677,
                    -0.7690253354170248,
                    0.027158315492264423
                ],
                [
                    0.40993168500355764,
                    -0.6509156250925683,
                    0.6389560725437197,
                    0.25542433186886526
                ],
                [
                    0.0,
                    0.0,
                    0.0,
                    1.0
                ]
            ]
        },
        "_x_00050_y_01280_.jpg": {
            "matrix": [
                [
                    -0.6338752855344518,
                    -0.7732933454747537,
                    0.0148163501943255,
                    -0.000308232664215949
                ],
                [
                    0.48553252958341464,
                    -0.41276076098022096,
                    -0.7706404589115207,
                    0.027167113139433256
                ],
                [
                    0.6020467466110487,
                    -0.48129612094789637,
                    0.6370979193621334,
                    0.25539471582068524
                ],
                [
                    0.0,
                    0.0,
                    0.0,
                    1.0
                ]
            ]
        },
        "_x_00050_y_01440_.jpg": {
            "matrix": [
                [
                    -0.3435525522608238,
                    -0.9390668668875116,
                    0.0111831725886005,
                    0.00018369689876903005
                ],
                [
                    0.5951869271938812,
                    -0.22692620418199363,
                    -0.7708806778957801,
                    0.027072724410422508
                ],
                [
                    0.7264462578419552,
                    -0.2581819462503612,
                    0.6368813995539481,
                    0.25532590753348267
                ],
                [
                    0.0,
                    0.0,
                    0.0,
                    1.0
                ]
            ]
        },
        "_x_00050_y_01600_.jpg": {
            "matrix": [
                [
                    -0.0196630754707672,
                    -0.9997671328302004,
                    0.0088906453934273,
                    0.0007111150431403038
                ],
                [
                    0.6356543678091008,
                    -0.019364614698773,
                    -0.7717308704352707,
                    0.02675646992301696
                ],
                [
                    0.7717233235740927,
                    -0.009523224771515699,
                    0.6358871126557823,
                    0.2549026525031612
                ],
                [
                    0.0,
                    0.0,
                    0.0,
                    1.0
                ]
            ]
        },
        "_x_00050_y_01760_.jpg": {
            "matrix": [
                [
                    0.2960696287972524,
                    -0.9551469259329604,
                    0.006093011133498,
                    0.0010068244562241794
                ],
                [
                    0.6110285327436947,
                    0.18449154460559353,
                    -0.7698097181395738,
                    0.026571662117283748
                ],
                [
                    0.7341572767990142,
                    0.23164028114699356,
                    0.6382443678350777,
                    0.2547009533703816
                ],
                [
                    0.0,
                    0.0,
                    0.0,
                    1.0
                ]
            ]
        },
        "_x_00050_y_01920_.jpg": {
            "matrix": [
                [
                    0.5784253250843167,
                    -0.8157185396521991,
                    0.0052352047511411,
                    0.0012307786311961896
                ],
                [
                    0.5263550893677249,
                    0.36831959117443425,
                    -0.7663491362647916,
                    0.02645901859598513
                ],
                [
                    0.6231969698239855,
                    0.4460313249366926,
                    0.6424029840975378,
                    0.25453884366764157
                ],
                [
                    0.0,
                    0.0,
                    0.0,
                    1.0
                ]
            ]
        },
        "_x_00050_y_02080_.jpg": {
            "matrix": [
                [
                    0.8024346488888284,
                    -0.5967143260440028,
                    0.0055360054655293,
                    0.001364143164974643
                ],
                [
                    0.3880742651314665,
                    0.5147725431657991,
                    -0.764465560731998,
                    0.026140295510713715
                ],
                [
                    0.45331776824357495,
                    0.6155820350663809,
                    0.6446407985058017,
                    0.25413774700408137
                ],
                [
                    0.0,
                    0.0,
                    0.0,
                    1.0
                ]
            ]
        },
        "_x_00050_y_02240_.jpg": {
            "matrix": [
                [
                    0.9470561173754491,
                    -0.3210004406199249,
                    0.0065899668856376,
                    0.0013043171051136968
                ],
                [
                    0.21199213978197584,
                    0.6097676150565362,
                    -0.7637033378864616,
                    0.025719383908543506
                ],
                [
                    0.24113075957330496,
                    0.7246669391866022,
                    0.6455337202947048,
                    0.25362567219871884
                ],
                [
                    0.0,
                    0.0,
                    0.0,
                    1.0
                ]
            ]
        },
        "_x_00050_y_02400_.jpg": {
            "matrix": [
                [
                    0.9998282023413404,
                    -0.01659603351012,
                    0.008254542665426,
                    0.0010575090466065217
                ],
                [
                    0.0170205030160391,
                    0.6456989647951261,
                    -0.7634023508868593,
                    0.025373233916511202
                ],
                [
                    0.007339501343099799,
                    0.7634116966186942,
                    0.6458705080631886,
                    0.2532350194543381
                ],
                [
                    0.0,
                    0.0,
                    0.0,
                    1.0
                ]
            ]
        },
        "_x_00050_y_02560_.jpg": {
            "matrix": [
                [
                    0.9577323004349352,
                    0.2874891366495738,
                    0.0099416805465647,
                    0.0006768505162088121
                ],
                [
                    -0.17881752400312392,
                    0.6220672291359088,
                    -0.7622707232634379,
                    0.02511101787897178
                ],
                [
                    -0.22532894579480767,
                    0.7282735466455273,
                    0.6471819739789925,
                    0.25291751074104923
                ],
                [
                    0.0,
                    0.0,
                    0.0,
                    1.0
                ]
            ]
        },
        "_x_00050_y_02720_.jpg": {
            "matrix": [
                [
                    0.8268459928679668,
                    0.562311084457428,
                    0.0114868783617658,
                    0.0001284182666855951
                ],
                [
                    -0.35679528509825226,
                    0.5402159382922886,
                    -0.7621442544208014,
                    0.02491056302371742
                ],
                [
                    -0.43476755698860964,
                    0.6260774587152084,
                    0.6473053275532824,
                    0.25269120333528344
                ],
                [
                    0.0,
                    0.0,
                    0.0,
                    1.0
                ]
            ]
        },
        "_x_00050_y_02880_.jpg": {
            "matrix": [
                [
                    0.6207804898035321,
                    0.7838718847430404,
                    0.013283515674737,
                    -0.0003941647418167184
                ],
                [
                    -0.5005741228971434,
                    0.40935165508255605,
                    -0.762795365721979,
                    0.024778867726046067
                ],
                [
                    -0.6033714701285128,
                    0.46687909654488213,
                    0.646503502113014,
                    0.25253795186469674
                ],
                [
                    0.0,
                    0.0,
                    0.0,
                    1.0
                ]
            ]
        },
        "_x_00050_y_03040_.jpg": {
            "matrix": [
                [
                    0.3574276065188828,
                    0.9338304492244706,
                    0.0143596030379132,
                    -0.0009802671505527573
                ],
                [
                    -0.599518694120166,
                    0.24120338584241463,
                    -0.7631502224717007,
                    0.02480571767679817
                ],
                [
                    -0.7161164999486013,
                    0.26416210697103826,
                    0.6460615603346069,
                    0.25260533462219653
                ],
                [
                    0.0,
                    0.0,
                    0.0,
                    1.0
                ]
            ]
        },
        "_x_00100_y_00000_.jpg": {
            "matrix": [
                [
                    0.061825939316212,
                    0.9980242238476504,
                    0.0111893628488196,
                    -0.001869611100443855
                ],
                [
                    -0.48662337101519954,
                    0.03992978356703541,
                    -0.8726988639651672,
                    0.02844666321021644
                ],
                [
                    -0.8714213951983694,
                    0.04851042153583259,
                    0.4881306085392962,
                    0.2591743043128046
                ],
                [
                    0.0,
                    0.0,
                    0.0,
                    1.0
                ]
            ]
        },
        "_x_00100_y_00160_.jpg": {
            "matrix": [
                [
                    -0.2472761768694154,
                    0.96884979393755,
                    0.0135856225478367,
                    -0.002226641691636077
                ],
                [
                    -0.4749980076552126,
                    -0.10898755201610873,
                    -0.8732116617573968,
                    0.028649274800779365
                ],
                [
                    -0.8445302748134167,
                    -0.2223775849601365,
                    0.4871517470263988,
                    0.2595336695720455
                ],
                [
                    0.0,
                    0.0,
                    0.0,
                    1.0
                ]
            ]
        },
        "_x_00100_y_00320_.jpg": {
            "matrix": [
                [
                    -0.5341702016090432,
                    0.8452481918145457,
                    0.0147543196113974,
                    -0.0024900440637798493
                ],
                [
                    -0.4173761915341191,
                    -0.24851075807471845,
                    -0.8740935406817757,
                    0.028900825888515905
                ],
                [
                    -0.7351593775865405,
                    -0.4730728245792287,
                    0.4855335129434435,
                    0.2599824333821102
                ],
                [
                    0.0,
                    0.0,
                    0.0,
                    1.0
                ]
            ]
        },
        "_x_00100_y_00480_.jpg": {
            "matrix": [
                [
                    -0.7689544698088236,
                    0.6391009208408213,
                    0.0160946059736032,
                    -0.0025093429463237133
                ],
                [
                    -0.32002555165221314,
                    -0.36301094177838883,
                    -0.8751038238054176,
                    0.02917697115692112
                ],
                [
                    -0.5534371415533368,
                    -0.6780656820172966,
                    0.4836675110235239,
                    0.26047459225751096
                ],
                [
                    0.0,
                    0.0,
                    0.0,
                    1.0
                ]
            ]
        },
        "_x_00100_y_00640_.jpg": {
            "matrix": [
                [
                    -0.9306818568240196,
                    0.3654390260854576,
                    0.0168996920773057,
                    -0.00230085814680807
                ],
                [
                    -0.18974664821235881,
                    -0.4427101802808274,
                    -0.8763583204191608,
                    0.029430388814882278
                ],
                [
                    -0.3127738653896313,
                    -0.8188174488183734,
                    0.4813631629443612,
                    0.26091685419358884
                ],
                [
                    0.0,
                    0.0,
                    0.0,
                    1.0
                ]
            ]
        },
        "_x_00100_y_00800_.jpg": {
            "matrix": [
                [
                    -0.9984376271513946,
                    0.0532134088399513,
                    0.0170481027661649,
                    -0.0019458569954881539
                ],
                [
                    -0.04042859459639601,
                    -0.4773381505549553,
                    -0.8777891653260109,
                    0.029644419521315614
                ],
                [
                    -0.03857244388490019,
                    -0.8771069622026764,
                    0.4787437137220073,
                    0.2612973671860058
                ],
                [
                    0.0,
                    0.0,
                    0.0,
                    1.0
                ]
            ]
        },
        "_x_00100_y_00960_.jpg": {
            "matrix": [
                [
                    -0.9637160245847728,
                    -0.2664614098046253,
                    0.0158031972541555,
                    -0.0014634197885802804
                ],
                [
                    0.11350397042731773,
                    -0.4626576665199784,
                    -0.8792409978541278,
                    0.02980043692759622
                ],
                [
                    0.24159526621139926,
                    -0.8455449134701358,
                    0.4761150351007868,
                    0.26158602228518785
                ],
                [
                    0.0,
                    0.0,
                    0.0,
                    1.0
                ]
            ]
        },
        "_x_00100_y_01120_.jpg": {
            "matrix": [
                [
                    -0.8266854318941623,
                    -0.5625394878873784,
                    0.0118541664139241,
